8.968222897249357e-10
3.4424878378888536e-9
2.4706931517938864e-9
3.3345453732587914e-9
3.251327891039205e-9
3.5836477354462032e-9
3.782309612329205e-9
4.051405271357796e-9
4.317673654687288e-9
4.609446578704806e-9
4.9180054687220865e-9
5.248290809578706e-9
5.60036574697293e-9
5.976202466453941e-9
6.377208934720204e-9
6.805142317864108e-9
7.261784545072223e-9
7.749071180655733e-9
8.26905521445897e-9
8.823931952723347e-9
9.416042347140897e-9
1.0047885042914161e-8
1.0722126128553605e-8
1.1441610675995029e-8
1.2209374639643325e-8
1.3028657705797685e-8
1.3902916948753879e-8
1.4835841423584387e-8
1.5831367730705753e-8
1.689369662758878e-8
1.802731075416653e-8
1.923699354803131e-8
2.0527849428759047e-8
2.1905325336709683e-8
2.3375233717119892e-8
2.4943777046501927e-8
2.6617574004828144e-8
2.8403687403943412e-8
3.030965399005128e-8
3.234351624603083e-8
3.451385632777647e-8
3.6829832277762094e-8
3.930121666863426e-8
4.19384378399015e-8
4.475262390171614e-8
4.775564969143627e-8
5.096018688110214e-8
5.437975744726345e-8
5.802879072878231e-8
6.192268431337336e-8
6.607786900979929e-8
7.051187817988466e-8
7.524342172289602e-8
8.029246502448727e-8
8.568031320333138e-8
9.142970101094272e-8
9.756488876402297e-8
1.0411176471413839e-7
1.1109795428668504e-7
1.185529366500953e-7
1.2650816910716085e-7
1.3499721983336062e-7
1.4405590952230396e-7
1.5372246253597035e-7
1.640376681975592e-7
1.7504505290753436e-7
1.867910638091358e-7
1.9932526477836245e-7
2.1270054556542073e-7
2.2697334497015968e-7
2.422038889931818e-7
2.5845644496758317e-7
2.75799592743603e-7
2.943065140705662e-7
3.140553013971172e-7
3.351292873928328e-7
3.5761739658165316e-7
3.816145205708835e-7
4.072219184591166e-7
4.345476441126391e-7
4.637070021132722e-7
4.948230343015865e-7
5.280270389685076e-7
5.634591248861551e-7
6.012688025156417e-7
6.416156148866091e-7
6.846698108105114e-7
7.306130632683798e-7
7.79639236004405e-7
8.31955201560095e-7
8.87781714200756e-7
9.473543414178286e-7
1.010924457937516e-6
1.0787603064302721e-6
1.1511481293967012e-6
1.228393377006243e-6
1.3108219959851002e-6
1.3987818049921376e-6
1.4926439622862899e-6
1.5928045318784994e-6
1.6996861547767122e-6
1.8137398323760748e-6
1.9354468295194197e-6
2.06532070525833e-6
2.2039094798838174e-6
2.3517979473706336e-6
2.5096101429927605e-6
2.678011976522743e-6
2.8577140421254427e-6
3.0494746168034756e-6
3.254102860045992e-6
3.4724622281824754e-6
3.7054741178484114e-6
3.9541217539371085e-6
4.219454338442668e-6
4.5025914777011444e-6
4.804727906710141e-6
5.127138530462178e-6
5.4711838035630084e-6
5.838315470835575e-6
6.230082693130657e-6
6.648138584193641e-6
7.094247186168161e-6
7.57029091317076e-6
8.078278494342816e-6
8.620353449896482e-6
9.198803135916134e-6
9.816068396080605e-6
0.000010474753861027612
0.000011177638938817851
0.000011927689542868164
0.00001272807060683638
0.000013582159439259043
0.000014493559974284309
0.00001546611797862317
0.000016503937278874083
0.000017611397077677777
0.000018793170431753293
0.0000200542439697603
0.000021399938933165067
0.000022835933628858378
0.000024368287388228034
0.00002600346613373386
0.00002774836966080637
0.00002961036075011519
0.00003159729623296128
0.000033717560140767485
0.000035980099078417296
0.00003839445997053855
0.00004097083033982008
0.000043720081287076166
0.000046653813354137305
0.00004978440546273922
0.00005312506713548978
0.00005668989421875099
0.000060493928341938565
0.00006455322036337421
0.00006888489806947866
0.00007350723841185188
0.0000784397445856784
0.00008370322827304755
0.00008931989739619386
0.00009531344974850228
0.00010170917289537667
0.00010853405076289075
0.00011581687735959488
0.00012358837810597887
0.0001318813392770641
0.00014073074609642855
0.00015017393005475836
0.00016025072606291738
0.00017100364008846306
0.00018247802796579225
0.00019472228611346423
0.00020778805493809198
0.00022173043575215458
0.00023660822208356957
0.00025248414630743397
0.00026942514258526326
0.00028750262715394653
0.0003067927970653217
0.00032737694853769846
0.0003493418161418948
0.00037277993410649685
0.0003977900210888152
0.00042447738981880666
0.000452954383081772
0.0004833408375603475
0.0005157645771054472
0.0005503619370467893
0.0005872783211838026
0.0006266687931129819
0.0006686987035441805
0.000713544355229581
0.0007613937070692567
0.0008124471188568684
0.0008669181379789647
0.0009250343291681198
0.0009870381481192044
0.001053187859390544
0.0011237584985052782
0.001199042877515781
0.00127935263246265
0.0013650193101100133
0.001456395490023349
0.0015538559364176906
0.0016577987721746064
0.0017686466649254214
0.0018868480120283015
0.00201287810751572
0.0021472402695214394
0.0022904669011570783
0.0024431204511161427
0.002605794232229019
0.002779113046539531
0.0029637335539559424
0.0031603443078519165
0.0033696653648427766
0.003592447357005868
0.0038294698927264902
0.004081539126830348
0.004349484311470615
0.004634153106256666
0.004936405389409528
0.005257105271682778
0.005597110972200509
0.0059572621716664125
0.006338364415873018
0.0067411701045047194
0.00716635557179259
0.007614493753398286
0.008086021947013852
0.008581204224200232
0.009100088152451388
0.009642455656684496
0.010207768107972187
0.010795106095138726
0.011403104831504859
0.012029886789516114
0.012672993945145011
0.013329322939657681
0.013995067490809497
0.014665673436270777
0.015335812753923676
0.01599938361504431
0.01664954378352952
0.017278784247903144
0.017879048640415184
0.018441901592925546
0.018958745654319948
0.019421081882198127
0.019820804083630524
0.02015051151201306
0.020403820408593423
0.020575651951158253
0.020662473672537394
0.020662473672537252
0.02057565195115835
0.020403820408593402
0.020150511512013056
0.019820804083630503
0.019421081882198068
0.018958745654320073
0.018441901592925483
0.017879048640415195
0.017278784247903158
0.016649543783529504
0.015999383615044313
0.01533581275392369
0.01466567343627076
0.013995067490809497
0.013329322939657672
0.012672993945145079
0.012029886789516053
0.011403104831504899
0.010795106095138684
0.010207768107972198
0.009642455656684538
0.009100088152451342
0.008581204224200282
0.008086021947013838
0.007614493753398243
0.007166355571792649
0.0067411701045046405
0.006338364415873077
0.005957262171666448
0.005597110972200433
0.005257105271682786
0.004936405389409517
0.0046341531062567345
0.00434948431147054
0.004081539126830384
0.00382946989272649
0.0035924473570058766
0.0033696653648427346
0.0031603443078519738
0.0029637335539558786
0.0027791130465395684
0.0026057942322290227
0.0024431204511161366
0.002290466901157055
0.0021472402695214723
0.0020128781075157112
0.0018868480120282903
0.001768646664925432
0.001657798772174562
0.0015538559364177416
0.0014563954900233258
0.0013650193101100382
0.0012793526324626173
0.0011990428775158098
0.0011237584985052747
0.0010531878593905424
0.000987038148119166
0.0009250343291681527
0.0008669181379789992
0.0008124471188568045
0.0007613937070693071
0.000713544355229512
0.0006686987035442614
0.000626668793112941
0.000587278321183795
0.0005503619370468196
0.0005157645771054062
0.00048334083756035323
0.00045295438308183843
0.00042447738981875755
0.0003977900210887824
0.0003727799341065152
0.0003493418161419578
0.00032737694853766225
0.00030679279706530987
0.00028750262715391845
0.0002694251425852711
0.0002524841463074648
0.0002366082220835499
0.0002217304357522145
0.0002077880549380074
0.00019472228611350941
0.00018247802796581485
0.0001710036400883691
0.00016025072606300076
0.00015017393005472993
0.00014073074609644487
0.00013188133927703163
0.00012358837810598464
0.0001158168773596328
0.00010853405076284854
0.00010170917289540058
0.00009531344974851716
0.00008931989739617388
0.0000837032282730107
0.00007843974458576702
0.00007350723841177876
0.00006888489806951329
0.0000645532203633915
0.00006049392834189576
0.00005668989421876988
0.00005312506713545215
0.000049784405462785874
0.0000466538133541445
0.00004372008128702763
0.000040970830339840135
0.00003839445997054378
0.00003598009907841383
0.00003371756014079127
0.0000315972962329275
0.00002961036075012983
0.00002774836966079788
0.00002600346613373498
0.000024368287388256118
0.000022835933628842698
0.00002139993893313295
0.000020054243969804047
0.000018793170431725595
0.000017611397077702094
0.000016503937278869888
0.000015466117978606597
0.000014493559974298695
0.000013582159439248984
0.00001272807060684269
0.000011927689542833388
0.00001117763893885265
0.000010474753861025655
9.816068396106906e-6
9.198803135870753e-6
8.620353449890648e-6
8.078278494422903e-6
7.570290913085519e-6
7.094247186158098e-6
6.648138584282913e-6
6.230082693092349e-6
5.8383154707802555e-6
5.471183803613548e-6
5.127138530462704e-6
4.804727906731975e-6
4.502591477656045e-6
4.219454338426706e-6
3.954121753981435e-6
3.705474117833317e-6
3.4724622281762883e-6
3.2541028600570944e-6
3.0494746168050294e-6
2.8577140421478323e-6
2.6780119765000436e-6
2.5096101429830637e-6
2.35179794736204e-6
2.203909479917633e-6
2.065320705256095e-6
1.9354468294789853e-6
1.8137398323865487e-6
1.6996861547995114e-6
1.592804531858776e-6
1.4926439623168392e-6
1.3987818049706895e-6
1.3108219959662641e-6
1.2283933770077838e-6
1.151148129446852e-6
1.0787603063779437e-6
1.0109244579337334e-6
9.473543414520597e-7
8.877817142082454e-7
8.319552015432504e-7
7.796392359935053e-7
7.306130632894607e-7
6.846698107934478e-7
6.416156148746835e-7
6.012688025535073e-7
5.634591248541076e-7
5.28027038969003e-7
4.948230343187911e-7
4.637070021379777e-7
4.3454764406524474e-7
4.0722191844815834e-7
3.8161452061186904e-7
3.57617396589657e-7
3.3512928736109546e-7
3.14055301397101e-7
2.943065140801334e-7
2.757995927349479e-7
2.584564450215925e-7
2.4220388895981624e-7
2.2697334494730315e-7
2.1270054557540739e-7
1.9932526477282563e-7
1.8679106379037201e-7
1.7504505293959458e-7
1.6403766821853526e-7
1.5372246250292887e-7
1.440559095123681e-7
1.3499721985374087e-7
1.2650816912602062e-7
1.1855293660740419e-7
1.110979543035537e-7
1.041117647491011e-7
9.756488869652264e-8
9.142970103476266e-8
8.568031323033536e-8
8.029246502927617e-8
7.524342170104579e-8
7.051187815039915e-8
6.607786907197143e-8
6.19226842624542e-8
5.8028790730525156e-8
5.437975748013158e-8
5.0960186887644724e-8
4.775564967160457e-8
4.475262387451192e-8
4.193843785998979e-8
3.930121666343315e-8
3.682983233287105e-8
3.451385628232022e-8
3.234351624326493e-8
3.030965397207566e-8
2.8403687389125983e-8
2.6617574101015555e-8
2.49437769945085e-8
2.3375233681882285e-8
2.1905325347234683e-8
2.0527849450021063e-8
1.9236993586128734e-8
1.802731070439766e-8
1.6893696606079746e-8
1.5831367801826037e-8
1.483584133869396e-8
1.3902916981247753e-8
1.302865773262789e-8
1.2209374605546998e-8
1.1441610713996697e-8
1.0722126123101378e-8
1.0047885024168852e-8
9.416042328252099e-9
8.823931992362678e-9
8.26905519756918e-9
7.749071149708282e-9
7.261784611134886e-9
6.805142297364089e-9
6.377208908196793e-9
5.9762024689779064e-9
5.600365736107908e-9
5.248290828970551e-9
4.918005484706912e-9
4.609446589241952e-9
4.317673591728597e-9
4.051405323150675e-9
3.782309596524694e-9
3.583647749311061e-9
3.2513279101931344e-9
3.3345452963861207e-9
2.4706931879197394e-9
3.442487862244927e-9
8.96822274286385e-10