0.0000000000000000
0.0000000000000157
0.0000000000000359
0.0000000000000623
0.0000000000000964
0.0000000000001406
0.0000000000001980
0.0000000000002724
0.0000000000003688
0.0000000000004939
0.0000000000006561
0.0000000000008663
0.0000000000011390
0.0000000000014926
0.0000000000019510
0.0000000000025454
0.0000000000033162
0.0000000000043156
0.0000000000056115
0.0000000000072918
0.0000000000094706
0.0000000000122958
0.0000000000159591
0.0000000000207091
0.0000000000268683
0.0000000000348546
0.0000000000452101
0.0000000000586376
0.0000000000760485
0.0000000000986244
0.0000000001278977
0.0000000001658551
0.0000000002150727
0.0000000002788911
0.0000000003616417
0.0000000004689408
0.0000000006080708
0.0000000007884746
0.0000000010223964
0.0000000013257122
0.0000000017190082
0.0000000022289767
0.0000000028902277
0.0000000037476369
0.0000000048593881
0.0000000063009170
0.0000000081700179
0.0000000105934537
0.0000000137354987
0.0000000178089567
0.0000000230893171
0.0000000299328288
0.0000000387993228
0.0000000502804784
0.0000000651336190
0.0000000843194314
0.0000001090380319
0.0000001407493321
0.0000001811474099
0.0000002320319613
0.0000002949892608
0.0000003707966919
0.0000004585869407
0.0000005551288940
0.0000006549111060
0.0000007514530593
0.0000008392433081
0.0000009150507392
0.0000009780080387
0.0000010288925901
0.0000010692906679
0.0000011010019681
0.0000011257205686
0.0000011449063810
0.0000011597595216
0.0000011712406772
0.0000011801071712
0.0000011869506829
0.0000011922310433
0.0000011963045013
0.0000011994465463
0.0000012018699821
0.0000012037390830
0.0000012051806119
0.0000012062923631
0.0000012071497723
0.0000012078110233
0.0000012083209918
0.0000012087142878
0.0000012090176036
0.0000012092515254
0.0000012094319292
0.0000012095710592
0.0000012096783583
0.0000012097611089
0.0000012098249273
0.0000012098741449
0.0000012099121023
0.0000012099413756
0.0000012099639515
0.0000012099813624
0.0000012099947899
0.0000012100051454
0.0000012100131317
0.0000012100192909
0.0000012100240409
0.0000012100277042
0.0000012100305294
0.0000012100327082
0.0000012100343885
0.0000012100356844
0.0000012100366838
0.0000012100374546
0.0000012100380490
0.0000012100385074
0.0000012100388610
0.0000012100391337
0.0000012100393439
0.0000012100395061
0.0000012100396312
0.0000012100397276
0.0000012100398020
0.0000012100398594
0.0000012100399036
0.0000012100399377
0.0000012100399641
0.0000012100399843
0.0000012100400000
