4.78286012922000951e-08
2.07880677768457248e-07
1.93709582228150731e-07
2.97466239664840705e-07
3.58612536655182308e-07
4.65843871342941307e-07
5.90837313149774122e-07
7.49342981797258882e-07
9.46218252083061080e-07
1.19046400396612562e-06
1.49215263006056814e-06
1.86341398702424573e-06
2.31852877771706676e-06
2.87433457826950176e-06
3.55055192112767912e-06
4.37019918401408330e-06
5.36001563222013231e-06
6.55093333060383181e-06
7.97857537287155726e-06
9.68378998552975635e-06
1.17132113369159014e-05
1.41198466519762815e-05
1.69636825824071717e-05
2.03123057809157702e-05
2.42415295209857518e-05
2.88360180749457757e-05
3.41898986221165929e-05
4.04073496790194111e-05
4.76031536248525290e-05
5.59032000422623467e-05
6.54449255850155388e-05
7.63776754624686090e-05
8.88629710928701968e-05
1.03074668294613140e-04
1.19198990423382704e-04
1.37434421270525516e-04
1.57991443248690694e-04
1.81092107483997580e-04
2.06969423866941346e-04
2.35866560921023491e-04
2.68035847485984511e-04
3.03737570681567211e-04
3.43238567363587422e-04
3.86810609279668403e-04
4.34728585308936412e-04
4.87268487480109567e-04
5.44705210824737913e-04
6.07310180478973249e-04
6.75348822709757944e-04
7.49077899651475615e-04
8.28742730414369004e-04
9.14574323817915653e-04
1.00678645024388815e-03
1.10557268197046445e-03
1.21110343279782562e-03
1.32352302881200558e-03
1.44294684274931181e-03
1.56945852465170113e-03
1.70310736136844768e-03
1.84390579702571611e-03
1.99182714588967908e-03
2.14680352818128958e-03
2.30872405839512886e-03
2.47743331462075677e-03
2.65273011627497127e-03
2.83436663660056746e-03
3.02204787522894133e-03
3.21543151507913379e-03
3.41412818677445723e-03
3.61770216256551052e-03
3.82567250031666225e-03
4.03751465632634383e-03
4.25266258344976673e-03
4.47051132798189071e-03
4.69042013493405335e-03
4.91171606643141419e-03
5.13369813195380196e-03
5.35564192185652380e-03
5.57680472703211277e-03
5.79643111779990818e-03
6.01375894413141120e-03
6.22802570753932128e-03
6.43847524250753134e-03
6.64436463277306988e-03
6.84497127552170619e-03
7.03959999521734832e-03
7.22759009892766889e-03
7.40832225733616123e-03
7.58122509059255042e-03
7.74578133642614929e-03
7.90153347977157888e-03
8.04808872891576814e-03
8.18512323284870807e-03
8.31238544799165098e-03
8.42969857949090080e-03
8.53696204211555273e-03
8.63415190805265527e-03
8.72132033236182672e-03
8.79859397088952368e-03
8.86617142897122047e-03
8.92431980120811895e-03
8.97337038241471235e-03
9.01371364644354064e-03
9.04579360269155974e-03
9.07010164916212044e-03
9.08717004593594634e-03
9.09756513376409372e-03
9.10188041956480273e-03
9.10072964416715723e-03
9.09473993835403262e-03
9.08454516161556758e-03
9.07077950471256791e-03
9.05407142293208379e-03
9.03503795218765608e-03
9.01427944575775020e-03
8.99237475567570693e-03
8.96987687020473455e-03
8.94730900761352838e-03
8.92516115694808043e-03
8.90388704872117388e-03
8.88390153245851785e-03
8.86557833391599798e-03
8.84924816231552787e-03
8.83519713714024310e-03
8.82366550459315509e-03
8.81484661579402459e-03
8.80888614171137715e-03
8.80588150377928196e-03
8.80588150377911369e-03
8.80888614171170849e-03
8.81484661579441491e-03
8.82366550459290355e-03
8.83519713714055015e-03
8.84924816231493286e-03
8.86557833391619574e-03
8.88390153245854214e-03
8.90388704872083388e-03
8.92516115694789135e-03
8.94730900761324908e-03
8.96987687020462873e-03
8.99237475567634358e-03
9.01427944575818041e-03
9.03503795218693791e-03
9.05407142293260421e-03
9.07077950471184280e-03
9.08454516161605850e-03
9.09473993835438997e-03
9.10072964416662987e-03
9.10188041956497967e-03
9.09756513376417178e-03
9.08717004593642338e-03
9.07010164916162605e-03
9.04579360269158229e-03
9.01371364644393963e-03
8.97337038241435327e-03
8.92431980120788650e-03
8.86617142897138874e-03
8.79859397088922357e-03
8.72132033236178161e-03
8.63415190805306293e-03
8.53696204211517110e-03
8.42969857949091642e-03
8.31238544799199099e-03
8.18512323284838195e-03
8.04808872891577855e-03
7.90153347977190675e-03
7.74578133642635485e-03
7.58122509059214363e-03
7.40832225733613348e-03
7.22759009892802104e-03
7.03959999521693892e-03
6.84497127552196206e-03
6.64436463277280967e-03
6.43847524250757645e-03
6.22802570753947654e-03
6.01375894413131318e-03
5.79643111780004782e-03
5.57680472703211971e-03
5.35564192185637809e-03
5.13369813195388262e-03
4.91171606643135000e-03
4.69042013493414008e-03
4.47051132798194275e-03
4.25266258344973551e-03
4.03751465632635163e-03
3.82567250031665140e-03
3.61770216256548796e-03
3.41412818677435835e-03
3.21543151507912208e-03
3.02204787522894437e-03
2.83436663660059218e-03
2.65273011627502374e-03
2.47743331462070560e-03
2.30872405839513753e-03
2.14680352818130823e-03
1.99182714588965262e-03
1.84390579702581477e-03
1.70310736136835574e-03
1.56945852465171566e-03
1.44294684274932981e-03
1.32352302881200905e-03
1.21110343279778681e-03
1.10557268197053579e-03
1.00678645024382526e-03
9.14574323817953817e-04
8.28742730414325527e-04
7.49077899651504129e-04
6.75348822709733658e-04
6.07310180479020086e-04
5.44705210824683594e-04
4.87268487480164427e-04
4.34728585308885129e-04
3.86810609279717788e-04
3.43238567363529960e-04
3.03737570681627547e-04
2.68035847485919188e-04
2.35866560921097081e-04
2.06969423866857889e-04
1.81092107484097679e-04
1.57991443248567203e-04
1.37434421270679418e-04
1.19198990423191072e-04
1.03074668294858576e-04
8.88629710925507231e-05
7.63776754628905127e-05
6.54449255844467121e-05
5.59032000430434128e-05
4.76031536237617064e-05
4.04073496805709315e-05
3.41898986198659993e-05
2.88360180782734530e-05
2.42415295159699784e-05
2.03123057886249084e-05
1.69636825703244399e-05
1.41198466712918294e-05
1.17132113054154728e-05
9.68379003794576279e-06
7.97857528386492351e-06
6.55093348486834107e-06
5.36001535927945211e-06
4.37019967707782591e-06
3.55055101154156216e-06
2.87433629207989055e-06
2.31852547912569218e-06
1.86342047329265059e-06
1.49213959960036514e-06
1.19049073448305244e-06
9.46162391055698863e-07
7.49460801059509236e-07
5.90593637805054426e-07
4.66308796323770533e-07
3.57863228279680975e-07
2.98391190990087008e-07
1.92922086333495618e-07
2.08282328227877072e-07
4.77375857348512457e-08
