0.00000000000000000e+00
1.50119291490120599e-07
3.44500276217683116e-07
5.95202785709245542e-07
9.17282973338700580e-07
1.32945883860845014e-06
1.85490365808384710e-06
2.52218728234217547e-06
3.36638738602890781e-06
4.43039491306072426e-06
5.76644009553831468e-06
7.43786748825404655e-06
9.52119038669513205e-06
1.21084567118169840e-05
1.53099598674469007e-05
1.92573291158250085e-05
2.41070345765336611e-05
3.00443419318088616e-05
3.72877512117949895e-05
4.60939525310530710e-05
5.67633292493924783e-05
6.96460356385855651e-05
8.51486716640519238e-05
1.03741571863050236e-04
1.25966718461839914e-04
1.52446280789081938e-04
1.83891773702651526e-04
2.21113817172900170e-04
2.65032467410930713e-04
3.16688077084981221e-04
3.77252628358332393e-04
4.48041467873504088e-04
5.30525357603436453e-04
6.26342739931309259e-04
7.37312099681485021e-04
8.65444290409665435e-04
1.01295467740090852e-03
1.18227493586759162e-03
1.37606433014451630e-03
1.59722028860498789e-03
1.84888807992143007e-03
2.13446938950037114e-03
2.45762959073810927e-03
2.82230350443510043e-03
3.23269944148945644e-03
3.69330132902178331e-03
4.20886872845692948e-03
4.78443456582766571e-03
5.42530040962007666e-03
6.13702914972778617e-03
6.92543495232738043e-03
7.79657038947132765e-03
8.75671066859904854e-03
9.81233491562798210e-03
1.09701044954074456e-02
1.22368383846814237e-02
1.36194856448950390e-02
1.51250950747872873e-02
1.67607821553631339e-02
1.85336934322000539e-02
2.04509685118360353e-02
2.25196998799903556e-02
2.47468907794319848e-02
2.71394114143384720e-02
2.97039537759421074e-02
3.24469854111392453e-02
3.53747024815652886e-02
3.84929824854214619e-02
4.18073370380754386e-02
4.53228651300539853e-02
4.90442073023456826e-02
5.29755011986289548e-02
5.71203389717132096e-02
6.14817270365064783e-02
6.60620486734467549e-02
7.08630299936098274e-02
7.58857097785247264e-02
8.11304137029229960e-02
8.65967334358957452e-02
9.22835110940099790e-02
9.81888294876215595e-02
1.04310008557894171e-01
1.10643608346182643e-01
1.17185438769013314e-01
1.23930576391040798e-01
1.30873388295644100e-01
1.38007563049470788e-01
1.45326148645053221e-01
1.52821597187055513e-01
1.60485815965694223e-01
1.68310224438916300e-01
1.76285816526698252e-01
1.84403227510369139e-01
1.92652804730962746e-01
2.01024681197029209e-01
2.09508851147225339e-01
2.18095246569008167e-01
2.26773813653728257e-01
2.35534588171171982e-01
2.44367768773277955e-01
2.53263787286201469e-01
2.62213375120320558e-01
2.71207625016469112e-01
2.80238047450239836e-01
2.89296621130899489e-01
2.98375837153147305e-01
3.07468736484584726e-01
3.16568940595293336e-01
3.25670675154777323e-01
3.34768786832406295e-01
3.43858753337932366e-01
3.52936686926482335e-01
3.61999331666503055e-01
3.71044054828642833e-01
3.80068832798489908e-01
3.89072231946920699e-01
3.98053384909415164e-01
4.07011962731406995e-01
4.15948143332029452e-01
4.24862576725296981e-01
4.33756347417521282e-01
4.42630934374505625e-01
4.51488168923492361e-01
4.60330190924661264e-01
4.69159403516685114e-01
4.77978426711828053e-01
4.86790050089547732e-01
4.95597184814434155e-01
5.04402815185565845e-01
5.13209949910452212e-01
5.22021573288172447e-01
5.30840596483315386e-01
5.39669809075339235e-01
5.48511831076508138e-01
5.57369065625494375e-01
5.66243652582479218e-01
5.75137423274703075e-01
5.84051856667970548e-01
5.92988037268592505e-01
6.01946615090584336e-01
6.10927768053078801e-01
6.19931167201510536e-01
6.28955945171357222e-01
6.38000668333496890e-01
6.47063313073517721e-01
6.56141246662067190e-01
6.65231213167594149e-01
6.74329324845222677e-01
6.83431059404706720e-01
6.92531263515415274e-01
7.01624162846853028e-01
7.10703378869100844e-01
7.19761952549760164e-01
7.28792374983531221e-01
7.37786624879679831e-01
7.46736212713798531e-01
7.55632231226722073e-01
7.64465411828827990e-01
7.73226186346271382e-01
7.81904753430991861e-01
7.90491148852774606e-01
7.98975318802970458e-01
8.07347195269037310e-01
8.15596772489630917e-01
8.23714183473301498e-01
8.31689775561083700e-01
8.39514184034305999e-01
8.47178402812944653e-01
8.54673851354946557e-01
8.61992436950529406e-01
8.69126611704355900e-01
8.76069423608959230e-01
8.82814561230986672e-01
8.89356391653817191e-01
8.95689991442105815e-01
9.01811170512378468e-01
9.07716488905989993e-01
9.13403266564104421e-01
9.18869586297077046e-01
9.24114290221475287e-01
9.29136970006390173e-01
9.33937951326553217e-01
9.38518272963493660e-01
9.42879661028286908e-01
9.47024498801371073e-01
9.50955792697654401e-01
9.54677134869946098e-01
9.58192662961924513e-01
9.61507017514578455e-01
9.64625297518434621e-01
9.67553014588860671e-01
9.70296046224057851e-01
9.72860588585661490e-01
9.75253109220567960e-01
9.77480300120009638e-01
9.79549031488163968e-01
9.81466306567799984e-01
9.83239217844636859e-01
9.84874904925212680e-01
9.86380514355104987e-01
9.87763161615318630e-01
9.89029895504592527e-01
9.90187665084372060e-01
9.91243289331400934e-01
9.92203429610528653e-01
9.93074565047672664e-01
9.93862970850272198e-01
9.94574699590379918e-01
9.95215565434172333e-01
9.95791131271543062e-01
9.96306698670978208e-01
9.96767300558510594e-01
9.97177696495564869e-01
9.97542370409261858e-01
9.97865530610499651e-01
9.98151111920078549e-01
9.98402779711395016e-01
9.98623935669855523e-01
9.98817725064132356e-01
9.98987045322599077e-01
9.99134555709590311e-01
9.99262687900318469e-01
9.99373657260068660e-01
9.99469474642396549e-01
9.99551958532126528e-01
9.99622747371641696e-01
9.99683311922915041e-01
9.99734967532589058e-01
9.99778886182827065e-01
9.99816108226297295e-01
9.99847553719210969e-01
9.99874033281538122e-01
9.99896258428136897e-01
9.99914851328335907e-01
9.99930353964361363e-01
9.99943236670750579e-01
9.99953906047468921e-01
9.99962712248788188e-01
9.99969955658068232e-01
9.99975892965423441e-01
9.99980742670884215e-01
9.99984690040132573e-01
9.99987891543288154e-01
9.99990478809613337e-01
9.99992562132511753e-01
9.99994233559904466e-01
9.99995569605086954e-01
9.99996633612613928e-01
9.99997477812717639e-01
9.99998145096341884e-01
9.99998670541161427e-01
9.99999082717026644e-01
9.99999404797214275e-01
9.99999655499723805e-01
9.99999849880708558e-01
1.00000000000000000e+00
