7.91164792336658178e-10
3.96692588158748938e-09
1.33844426509638873e-09
4.75222722405021735e-09
2.08236020615298371e-09
4.27582309409321448e-09
3.46367507104145093e-09
4.17616560679099598e-09
4.27200427241917772e-09
4.62593302740536523e-09
4.91207137983201980e-09
5.25042534633368055e-09
5.59959802891921418e-09
5.97647855887428186e-09
6.37710962597935579e-09
6.80517801704752908e-09
7.26177168956957586e-09
7.74907578583184511e-09
8.26905353906841363e-09
8.82393253468915914e-09
9.41604211593482379e-09
1.00478851026681586e-08
1.07221260821046659e-08
1.14416106660628432e-08
1.22093746147921390e-08
1.30286576844041618e-08
1.39029169240817659e-08
1.48358413979194376e-08
1.58313677030803323e-08
1.68936965981952588e-08
1.80273107227698848e-08
1.92369935145388226e-08
2.05278493930152722e-08
2.19053252985687453e-08
2.33752336764190851e-08
2.49437770030701933e-08
2.66175739584819592e-08
2.84036873544872426e-08
3.03096539372764959e-08
3.23435161897146936e-08
3.45138562676814308e-08
3.68298322136343608e-08
3.93012166002035611e-08
4.19384377668787936e-08
4.47526238237934066e-08
4.77556496082847979e-08
5.09601867923709142e-08
5.43797573525780862e-08
5.80287906277433589e-08
6.19226842055543126e-08
6.60778688947454815e-08
7.05118780571100952e-08
7.52434215918832104e-08
8.02924648846829704e-08
8.56803130541459400e-08
9.14297008517464233e-08
9.75648885941442111e-08
1.04111764532860265e-07
1.11097954093242775e-07
1.18552936443672426e-07
1.26508168886886176e-07
1.34997219598305324e-07
1.44055909271475612e-07
1.53722462268310802e-07
1.64037667911938924e-07
1.75045052602747951e-07
1.86791063483897732e-07
1.99325264431299566e-07
2.12700545195069554e-07
2.26973344574956099e-07
2.42203888571460526e-07
2.58456444517561183e-07
2.75799592263384813e-07
2.94306513558123876e-07
3.14055300850287716e-07
3.35129286809310032e-07
3.57617395958974197e-07
3.81614519906420884e-07
4.07221917750066927e-07
4.34547643356010287e-07
4.63707001305871791e-07
4.94823033440005899e-07
5.28027038049115099e-07
5.63459123905066919e-07
6.01268801468719421e-07
6.41615613769436595e-07
6.84669809618373595e-07
7.30613061996244989e-07
7.79639234646907582e-07
8.31955200111503363e-07
8.87781712654963716e-07
9.47354339768304609e-07
1.01092445617730932e-06
1.07876030455194821e-06
1.15114812739233790e-06
1.22839337486738065e-06
1.31082199370271300e-06
1.39878180255659605e-06
1.49264395968731940e-06
1.59280452910512657e-06
1.69968615181724095e-06
1.81373982921801554e-06
1.93544682614944283e-06
2.06532070166221880e-06
2.20390947604640242e-06
2.35179794327570915e-06
2.50961013862306834e-06
2.67801197185982011e-06
2.85771403714963151e-06
3.04947461149377161e-06
3.25410285437999579e-06
3.47246222213626660e-06
3.70547411139649923e-06
3.95412174705224264e-06
4.21945433109582191e-06
4.50259146986129631e-06
4.80472789834423600e-06
5.12713852153486815e-06
5.47118379403668298e-06
5.83831546066998552e-06
6.23008268228294833e-06
6.64813857261800845e-06
7.09424717381580676e-06
7.57029089998949403e-06
8.07827848027709845e-06
8.62035343488689256e-06
9.19880311989939812e-06
9.81606837898907972e-06
1.04747538427892324e-05
1.11776389193556460e-05
1.19276895220999898e-05
1.27280705846746602e-05
1.35821594156102424e-05
1.44935599490486221e-05
1.54661179516941855e-05
1.65039372501381103e-05
1.76113970470136665e-05
1.87931703990315628e-05
2.00542439348429889e-05
2.13999388959048396e-05
2.28359335890980449e-05
2.43682873457998687e-05
2.60034660884588758e-05
2.77483696124935886e-05
2.96103606985608966e-05
3.15972961779478992e-05
3.37175600820631958e-05
3.59800990157742220e-05
3.83944599036928523e-05
4.09708302684897588e-05
4.37200812109604772e-05
4.66538132729154312e-05
4.97844053760688093e-05
5.31250670430055436e-05
5.66898941200632249e-05
6.04939282366317221e-05
6.45532202510044770e-05
6.88848979495731230e-05
7.35072382839055459e-05
7.84397444491533361e-05
8.37032281273688915e-05
8.93198972407493254e-05
9.53134495826390347e-05
1.01709172718397417e-04
1.08534050574053139e-04
1.15816877158106692e-04
1.23588377890995456e-04
1.31881339047686200e-04
1.40730745851695986e-04
1.50173929793649788e-04
1.60250725784342530e-04
1.71003639791263644e-04
1.82478027648731066e-04
1.94722285775227711e-04
2.07788054577279175e-04
2.21730435367278043e-04
2.36608221673045339e-04
2.52484145869578762e-04
2.69425142118292669e-04
2.87502626655959626e-04
3.06792796534309227e-04
3.27376947971526572e-04
3.49341815538305590e-04
3.72779933463104017e-04
3.97790020403097206e-04
4.24477389088106117e-04
4.52954382303290357e-04
4.83340836731148741e-04
5.15764576222452285e-04
5.50361936106787109e-04
5.87278320183444642e-04
6.26668792048806029e-04
6.68698702412606500e-04
7.13544354026949342e-04
7.61393705791838242e-04
8.12447117500909172e-04
8.66918136540725500e-04
9.25034327643934804e-04
9.87038146505556145e-04
1.05318785768415018e-03
1.12375849670320882e-03
1.19904287561560584e-03
1.27935263046260669e-03
1.36501930800921956e-03
1.45639548782207991e-03
1.55385593411767452e-03
1.65779876977943641e-03
1.76864666244099552e-03
1.88684800946339729e-03
2.01287810488265124e-03
2.14724026683682685e-03
2.29046689844280248e-03
2.44312044840040449e-03
2.60579422954756957e-03
2.77911304393715919e-03
2.96373355148801289e-03
3.16034430558624277e-03
3.36966536286154809e-03
3.59244735540769668e-03
3.82946989162860456e-03
4.08153912637050469e-03
4.34948431180895261e-03
4.63415310757679146e-03
4.93640539191877482e-03
5.25710527561096090e-03
5.59711097779638529e-03
5.95726217919126909e-03
6.33836442558975179e-03
6.74117011666179773e-03
7.16635558660072124e-03
7.61449377099894433e-03
8.08602196743813881e-03
8.58120424731740120e-03
9.10008817790800006e-03
9.64245568383642268e-03
1.02077681358153094e-02
1.07951061222483595e-02
1.14031048559985523e-02
1.20298868090609710e-02
1.26729939570350194e-02
1.33293229409882745e-02
1.39950674787728095e-02
1.46656734085804010e-02
1.53358127093508861e-02
1.59993835540068532e-02
1.66495437086260877e-02
1.72787841642418755e-02
1.78790485555660704e-02
1.84419015163562912e-02
1.89587455962655846e-02
1.94210818520651161e-02
1.98208040882018252e-02
2.01505115538484769e-02
2.04038204850464887e-02
2.05756520543277574e-02
2.06624737902579396e-02
2.06624737902579396e-02
2.05756520543277574e-02
2.04038204850464887e-02
2.01505115538484769e-02
1.98208040882018252e-02
1.94210818520651161e-02
1.89587455962655846e-02
1.84419015163562912e-02
1.78790485555660704e-02
1.72787841642418755e-02
1.66495437086260877e-02
1.59993835540068532e-02
1.53358127093508861e-02
1.46656734085804010e-02
1.39950674787728095e-02
1.33293229409882745e-02
1.26729939570350194e-02
1.20298868090609710e-02
1.14031048559985523e-02
1.07951061222483595e-02
1.02077681358153094e-02
9.64245568383642268e-03
9.10008817790800006e-03
8.58120424731740120e-03
8.08602196743813881e-03
7.61449377099894433e-03
7.16635558660072124e-03
6.74117011666179773e-03
6.33836442558975179e-03
5.95726217919126909e-03
5.59711097779638529e-03
5.25710527561096090e-03
4.93640539191877482e-03
4.63415310757679146e-03
4.34948431180895261e-03
4.08153912637050469e-03
3.82946989162860456e-03
3.59244735540769668e-03
3.36966536286154809e-03
3.16034430558624277e-03
2.96373355148801289e-03
2.77911304393715919e-03
2.60579422954756957e-03
2.44312044840040449e-03
2.29046689844280248e-03
2.14724026683682685e-03
2.01287810488265124e-03
1.88684800946339751e-03
1.76864666244099552e-03
1.65779876977943641e-03
1.55385593411767452e-03
1.45639548782207991e-03
1.36501930800921956e-03
1.27935263046260669e-03
1.19904287561560584e-03
1.12375849670320882e-03
1.05318785768415018e-03
9.87038146505556145e-04
9.25034327643934804e-04
8.66918136540725391e-04
8.12447117500909280e-04
7.61393705791838134e-04
7.13544354026949342e-04
6.68698702412606500e-04
6.26668792048806029e-04
5.87278320183444642e-04
5.50361936106787109e-04
5.15764576222452285e-04
4.83340836731148741e-04
4.52954382303290411e-04
4.24477389088106117e-04
3.97790020403097206e-04
3.72779933463104017e-04
3.49341815538305590e-04
3.27376947971526572e-04
3.06792796534309227e-04
2.87502626655959681e-04
2.69425142118292669e-04
2.52484145869578708e-04
2.36608221673045366e-04
2.21730435367278016e-04
2.07788054577279230e-04
1.94722285775227711e-04
1.82478027648731039e-04
1.71003639791263672e-04
1.60250725784342503e-04
1.50173929793649815e-04
1.40730745851695986e-04
1.31881339047686146e-04
1.23588377890995510e-04
1.15816877158106678e-04
1.08534050574053125e-04
1.01709172718397389e-04
9.53134495826390618e-05
8.93198972407493119e-05
8.37032281273689322e-05
7.84397444491533225e-05
7.35072382839055595e-05
6.88848979495731094e-05
6.45532202510044499e-05
6.04939282366317695e-05
5.66898941200631910e-05
5.31250670430055436e-05
4.97844053760687958e-05
4.66538132729154312e-05
4.37200812109605247e-05
4.09708302684897181e-05
3.83944599036928455e-05
3.59800990157742287e-05
3.37175600820632026e-05
3.15972961779479127e-05
2.96103606985608661e-05
2.77483696124936123e-05
2.60034660884588724e-05
2.43682873457998484e-05
2.28359335890980381e-05
2.13999388959048396e-05
2.00542439348430092e-05
1.87931703990315831e-05
1.76113970470136292e-05
1.65039372501381577e-05
1.54661179516941448e-05
1.44935599490486238e-05
1.35821594156102373e-05
1.27280705846746890e-05
1.19276895220999999e-05
1.11776389193556528e-05
1.04747538427891731e-05
9.81606837898912546e-06
9.19880311989940659e-06
8.62035343488688917e-06
8.07827848027711200e-06
7.57029089998946523e-06
7.09424717381583048e-06
6.64813857261800168e-06
6.23008268228293901e-06
5.83831546066995418e-06
5.47118379403671856e-06
5.12713852153483511e-06
4.80472789834427666e-06
4.50259146986130478e-06
4.21945433109580921e-06
3.95412174705222401e-06
3.70547411139653565e-06
3.47246222213624246e-06
3.25410285437997038e-06
3.04947461149377373e-06
2.85771403714966243e-06
2.67801197185980571e-06
2.50961013862306537e-06
2.35179794327572778e-06
2.20390947604637659e-06
2.06532070166223659e-06
1.93544682614943859e-06
1.81373982921800135e-06
1.69968615181724455e-06
1.59280452910511789e-06
1.49264395968736069e-06
1.39878180255658631e-06
1.31082199370270813e-06
1.22839337486736646e-06
1.15114812739235060e-06
1.07876030455192915e-06
1.01092445617732605e-06
9.47354339768264799e-07
8.87781712654995374e-07
8.31955200111491081e-07
7.79639234646892230e-07
7.30613061996257165e-07
6.84669809618366607e-07
6.41615613769455653e-07
6.01268801468756055e-07
5.63459123905026262e-07
5.28027038049127275e-07
4.94823033440025805e-07
4.63707001305835422e-07
4.34547643356019922e-07
4.07221917750077991e-07
3.81614519906433166e-07
3.57617395958917234e-07
3.35129286809351483e-07
3.14055300850315668e-07
2.94306513558087930e-07
2.75799592263372054e-07
2.58456444517563565e-07
2.42203888571466614e-07
2.26973344574936961e-07
2.12700545195097003e-07
1.99325264431321721e-07
1.86791063483867503e-07
1.75045052602782679e-07
1.64037667911873438e-07
1.53722462268412790e-07
1.44055909271389214e-07
1.34997219598364775e-07
1.26508168886855656e-07
1.18552936443660752e-07
1.11097954093227912e-07
1.04111764532896026e-07
9.75648885941186546e-08
9.14297008517725755e-08
8.56803130540990488e-08
8.02924648847752044e-08
7.52434215917890971e-08
7.05118780571519042e-08
6.60778688947557914e-08
6.19226842055498392e-08
5.80287906277189538e-08
5.43797573525636536e-08
5.09601867923917327e-08
4.77556496083091964e-08
4.47526238237563224e-08
4.19384377669089691e-08
3.93012166001821007e-08
3.68298322136261817e-08
3.45138562677194547e-08
3.23435161896846438e-08
3.03096539372724262e-08
2.84036873545459989e-08
2.66175739584388961e-08
2.49437770030996608e-08
2.33752336763800157e-08
2.19053252985848092e-08
2.05278493930297644e-08
1.92369935145231426e-08
1.80273107227350770e-08
1.68936965982241175e-08
1.58313677030579554e-08
1.48358413979774958e-08
1.39029169240445461e-08
1.30286576843940405e-08
1.22093746148095909e-08
1.14416106660350665e-08
1.07221260821307585e-08
1.00478851026384909e-08
9.41604211598379785e-09
8.82393253466106974e-09
8.26905353908550153e-09
7.74907578581257346e-09
7.26177168957494179e-09
6.80517801707821251e-09
6.37710962595404985e-09
5.97647855888293748e-09
5.59959802887120710e-09
5.25042534639787390e-09
4.91207137975092963e-09
4.62593302748849936e-09
4.27200427237230884e-09
4.17616560683052860e-09
3.46367507100813789e-09
4.27582309409765231e-09
2.08236020615236332e-09
4.75222722408566286e-09
1.33844426502564741e-09
3.96692588162223179e-09
7.91164792341713389e-10
