0.
2.6541335604808483e-9
5.486366879961544e-9
8.508650948636438e-9
1.1733738701449428e-8
1.5175238830821678e-8
1.8847673210363348e-8
2.2766538171876418e-8
2.6948369894215186e-8
3.141081417992153e-8
3.617270091406688e-8
4.1254123519490014e-8
4.667652374370271e-8
5.2462782135233106e-8
5.863731459118386e-8
6.522617538340052e-8
7.225716709798291e-8
7.975995795204424e-8
8.77662069827515e-8
9.630969763689964e-8
1.0542648032471825e-7
1.151550245394361e-7
1.2553638118449243e-7
1.3661435579335644e-7
1.4843569337287943e-7
1.6105027565015122e-7
1.7451133155517007e-7
1.8887566182748657e-7
2.0420387869457927e-7
2.2056066163331727e-7
2.3801503029372988e-7
2.5664063573672154e-7
2.7651607121464967e-7
2.9772520380614457e-7
3.2035752830455114e-7
3.4450854485327025e-7
3.7028016192148456e-7
3.977811263206787e-7
4.2712748207646596e-7
4.584430600919939e-7
4.91860000669129e-7
5.275193110922688e-7
5.655714606275824e-7
6.061770154483576e-7
6.49507316165609e-7
6.957452008228776e-7
7.450857764059968e-7
7.97737242123314e-7
8.539217679303091e-7
9.138764320056635e-7
9.778542211345866e-7
1.0461250982206506e-6
1.118977141430646e-6
1.1967177597792287e-6
1.2796749902826893e-6
1.3681988821553514e-6
1.462662973889408e-6
1.5634658694509302e-6
1.6710329202430226e-6
1.7858180199333924e-6
1.908305519719851e-6
2.0390122721154696e-6
2.1784898118774105e-6
2.327326683282168e-6
2.4861509235674566e-6
2.6556327130199764e-6
2.836487202891449e-6
3.029477533075703e-6
3.2354180522803e-6
3.455177754280652e-6
3.6896839447563655e-6
3.93992615418252e-6
4.206960313286864e-6
4.491913208691807e-6
4.7959872375424286e-6
5.120465481183255e-6
5.466717119292894e-6
5.836203207322194e-6
6.2304828416145874e-6
6.6512197382232e-6
7.100189253184911e-6
7.5792858738743586e-6
8.090531213048674e-6
8.636082539314876e-6
9.218241880015402e-6
9.8394657349426e-6
0.000010502375441870513
0.000011209768237642727
0.000011964629061489987
0.000012770143150383308
0.000013629709479570316
0.000014546955105008999
0.00001552575046821867
0.000016570225728128984
0.000017684788188841473
0.00001887414089684231
0.000020143302486139747
0.000021497628355065416
0.000022942833264097782
0.000024485015450062304
0.00002613068235846131
0.00002788677810251451
0.00002976071276477726
0.000031760393664978464
0.00003389425872601687
0.000036171312078907905
0.00003860116205692064
0.00004119406173922603
0.00004396095221513547
0.0000469135087514885
0.00005006419005799874
0.00005342629085843916
0.00005701399798949717
0.00006084245026401527
0.00006492780235121728
0.00006928729294346987
0.00007393931749721686
0.00007890350585502421
0.00008420080507627034
0.0000898535678259937
0.00009588564669486329
0.00010232249484826309
0.00010919127342918807
0.00011652096616814614
0.00012434250168367054
0.0001326888839894965
0.00014159533175908405
0.00015109942693511774
0.00016124127331104557
0.00017206366575379166
0.00018361227078167718
0.00019593581925949157
0.00020908631202378085
0.00022311923930597234
0.00023809381487916717
0.00025407322591654925
0.00027112489961564264
0.00028932078771337725
0.00030873767009239597
0.0003294574787595672
0.00035156764356360204
0.0003751614611103661
0.0004003384884323192
0.0004272049630729128
0.00045587425135817
0.0004864673267465321
0.000519113280274875
0.0005539498652539137
0.0005911240785105878
0.000630792780629056
0.0006731233578062768
0.0007182944281134848
0.0007664965951419341
0.0008179332522108351
0.0008728214405283014
0.0009313927649232076
0.0009938943710081011
0.0010605899878916819
0.0011317610408349368
0.0012077078385389105
0.0012887508400655002
0.0013752320067268523
0.0014675162446352377
0.0015659929439851392
0.0016710776215441525
0.001783213673260815
0.001902874244357265
0.0020305642247644678
0.00216682237827947
0.002312223614379682
0.002467381412220548
0.0026329504069722448
0.0028096291493204246
0.002998163049667691
0.003199347519328764
0.00341403132181549
0.003643120148160227
0.0038875804311301007
0.004148443414142301
0.0044268094917041985
0.004723852839273496
0.005040826351564604
0.005379066909519339
0.005740000997413626
0.006125150692887541
0.006536140054063044
0.006974701929350517
0.007442685217038791
0.007942062603308977
0.008474938808903381
0.009043559376307493
0.009650320030952939
0.010297776651605306
0.01098865588674127
0.011725866455316146
0.012512511171840516
0.01335189973707774
0.014247562336886795
0.015203264092696924
0.016223020407724952
0.017311113253225662
0.01847210843866816
0.019710873908594717
0.021032599106845375
0.02244281544557979
0.023947417911804512
0.025552687837562715
0.027265316851134355
0.029092432015009235
0.03104162214140942
0.03312096525700456
0.03533905716429134
0.03770504101683658
0.04022863778795729
0.04292017746595162
0.045790630751974024
0.04885164096705449
0.05211555579028229
0.05559545834816913
0.05930519705270588
0.06325941343934555
0.06747356708252307
0.07196395646161596
0.07674773441068633
0.0818429165073592
0.08726838043680056
0.09304385400407371
0.09918988906212328
0.10572781817603644
0.11267969036396398
0.12006818175385905
0.12791647649357246
0.13624811278071244
0.14508678848196618
0.15445612054915644
0.16437935238958862
0.17487900361000724
0.18597645724597114
0.19769148084858304
0.21004167977561933
0.22304188386858279
0.23670347251122037
0.2510336479243839
0.26603467242924617
0.2817030921399821
0.2980289767787808
0.3149952124726193
0.33257689069544366
0.3507408409650576
0.369445356382298
0.388640158539828
0.4082666409025302
0.4282584171246907
0.4485421832693153
0.4690388817040529
0.48966513154272834
0.5103348684572717
0.530961118295947
0.5514578167306847
0.5717415828753093
0.5917333590974698
0.611359841460172
0.630554643617702
0.6492591590349425
0.6674231093045563
0.6850047875273807
0.7019710232212192
0.7182969078600179
0.7339653275707538
0.7489663520756161
0.7632965274887796
0.7769581161314172
0.7899583202243806
0.802308519151417
0.8140235427540289
0.8251209963899928
0.8356206476104113
0.8455438794508435
0.8549132115180338
0.8637518872192875
0.8720835235064276
0.879931818246141
0.887320309636036
0.8942721818239636
0.9008101109378767
0.9069561459959263
0.9127316195631995
0.9181570834926408
0.9232522655893136
0.928036043538384
0.9325264329174769
0.9367405865606544
0.9406948029472941
0.9444045416518309
0.9478844442097177
0.9511483590329455
0.954209369248026
0.9570798225340483
0.9597713622120427
0.9622949589831634
0.9646609428357087
0.9668790347429954
0.9689583778585906
0.9709075679849908
0.9727346831488657
0.9744473121624373
0.9760525820881955
0.9775571845544202
0.9789674008931546
0.9802891260914053
0.9815278915613318
0.9826888867467743
0.9837769795922751
0.9847967359073031
0.9857524376631132
0.9866481002629223
0.9874874888281595
0.9882741335446839
0.9890113441132588
0.9897022233483946
0.9903496799690471
0.9909564406236925
0.9915250611910966
0.992057937396691
0.9925573147829612
0.9930252980706494
0.993463859945937
0.9938748493071125
0.9942599990025863
0.9946209330904806
0.9949591736484354
0.9952761471607265
0.9955731905082958
0.9958515565858577
0.9961124195688699
0.9963568798518397
0.9965859686781845
0.9968006524806713
0.9970018369503323
0.9971903708506796
0.9973670495930278
0.9975326185877794
0.9976877763856203
0.9978331776217205
0.9979694357752356
0.9980971257556427
0.9982167863267392
0.9983289223784558
0.9984340070560148
0.9985324837553647
0.9986247679932732
0.9987112491599345
0.998792292161461
0.9988682389591651
0.9989394100121083
0.999006105628992
0.9990686072350768
0.9991271785594718
0.9991820667477892
0.9992335034048581
0.9992817055718866
0.9993268766421938
0.999369207219371
0.9994088759214894
0.9994460501347461
0.9994808867197251
0.9995135326732535
0.9995441257486418
0.9995727950369271
0.9995996615115676
0.9996248385388896
0.9996484323564364
0.9996705425212404
0.9996912623299076
0.9997106792122866
0.9997288751003843
0.9997459267740835
0.9997619061851208
0.999776880760694
0.9997909136879762
0.9998040641807405
0.9998163877292183
0.9998279363342462
0.9998387587266889
0.9998489005730649
0.9998584046682409
0.9998673111160105
0.9998756574983163
0.9998834790338319
0.9998908087265708
0.9998976775051517
0.9999041143533052
0.999910146432174
0.9999157991949237
0.999921096494145
0.9999260606825028
0.9999307127070566
0.9999350721976488
0.999939157549736
0.9999429860020105
0.9999465737091415
0.999949935809942
0.9999530864912485
0.9999560390477849
0.9999588059382608
0.9999613988379431
0.9999638286879211
0.999966105741274
0.9999682396063351
0.9999702392872353
0.9999721132218975
0.9999738693176415
0.99997551498455
0.9999770571667359
0.999978502371645
0.9999798566975139
0.9999811258591031
0.9999823152118111
0.9999834297742719
0.9999844742495317
0.999985453044895
0.9999863702905204
0.9999872298568496
0.9999880353709385
0.9999887902317623
0.9999894976245581
0.999990160534265
0.99999078175812
0.9999913639174607
0.9999919094687869
0.9999924207141261
0.9999928998107468
0.9999933487802618
0.9999937695171583
0.9999941637967926
0.9999945332828807
0.9999948795345188
0.9999952040127624
0.9999955080867913
0.9999957930396867
0.9999960600738458
0.9999963103160553
0.9999965448222458
0.9999967645819478
0.9999969705224669
0.9999971635127971
0.9999973443672869
0.9999975138490764
0.9999976726733167
0.9999978215101881
0.9999979609877279
0.9999980916944803
0.9999982141819801
0.9999983289670797
0.9999984365341306
0.9999985373370261
0.9999986318011178
0.9999987203250097
0.9999988032822402
0.9999988810228586
0.9999989538749018
0.9999990221457788
0.999999086123568
0.999999146078232
0.9999992022627578
0.9999992549142236
0.9999993042547992
0.9999993504926838
0.9999993938229845
0.9999994344285393
0.9999994724806889
0.9999995081399994
0.9999995415569399
0.999999572872518
0.9999996022188736
0.999999629719838
0.9999996554914552
0.9999996796424717
0.9999997022747962
0.9999997234839287
0.9999997433593643
0.9999997619849698
0.9999997794393384
0.9999997957961213
0.9999998111243382
0.9999998254886684
0.9999998389497243
0.9999998515643066
0.9999998633856442
0.9999998744636188
0.9999998848449755
0.9999998945735197
0.9999999036903023
0.999999912233793
0.999999920240042
0.9999999277428329
0.9999999347738247
0.9999999413626854
0.9999999475372179
0.9999999533234762
0.9999999587458764
0.999999963827299
0.9999999685891858
0.9999999730516301
0.9999999772334618
0.9999999811523268
0.9999999848247612
0.9999999882662614
0.9999999914913491
0.9999999945136331
0.9999999973458664
1.