0.0000000000000000
0.0000000000059227
0.0000000000136025
0.0000000000235605
0.0000000000364725
0.0000000000532151
0.0000000000749244
0.0000000001030740
0.0000000001395743
0.0000000001869027
0.0000000002482714
0.0000000003278455
0.0000000004310258
0.0000000005648152
0.0000000007382942
0.0000000009632368
0.0000000012549103
0.0000000016331105
0.0000000021235065
0.0000000027593817
0.0000000035838936
0.0000000046530024
0.0000000060392696
0.0000000078367823
0.0000000101675391
0.0000000131897307
0.0000000171084757
0.0000000221897428
0.0000000287784019
0.0000000373216310
0.0000000483992664
0.0000000627631566
0.0000000813881909
0.0000001055384659
0.0000001368530802
0.0000001774573806
0.0000002301072093
0.0000002983759408
0.0000003868970007
0.0000005016783198
0.0000006505100521
0.0000008434932022
0.0000010937249758
0.0000014181872335
0.0000018388980514
0.0000023844038985
0.0000030917122962
0.0000040087930581
0.0000051978111760
0.0000067392961908
0.0000087374993003
0.0000113272328433
0.0000146825068353
0.0000190272256244
0.0000246479767533
0.0000319083050836
0.0000412623606515
0.0000532626057013
0.0000685501161933
0.0000878059361276
0.0001116303463205
0.0001403175255102
0.0001735392633336
0.0002100728362605
0.0002478325935572
0.0002843661664841
0.0003175879043075
0.0003462750834972
0.0003700994936901
0.0003893553136245
0.0004046428241164
0.0004166430691663
0.0004259971247341
0.0004332574530644
0.0004388782041934
0.0004432229229824
0.0004465781969744
0.0004491679305174
0.0004511661336269
0.0004527076186417
0.0004538966367597
0.0004548137175215
0.0004555210259192
0.0004560665317663
0.0004564872425842
0.0004568117048419
0.0004570619366155
0.0004572549197656
0.0004574037514979
0.0004575185328170
0.0004576070538769
0.0004576753226084
0.0004577279724371
0.0004577685767375
0.0004577998913518
0.0004578240416268
0.0004578426666611
0.0004578570305513
0.0004578681081867
0.0004578766514158
0.0004578832400749
0.0004578883213420
0.0004578922400870
0.0004578952622786
0.0004578975930355
0.0004578993905481
0.0004579007768153
0.0004579018459241
0.0004579026704360
0.0004579033063112
0.0004579037967072
0.0004579041749075
0.0004579044665809
0.0004579046915235
0.0004579048650025
0.0004579049987919
0.0004579051019722
0.0004579051815463
0.0004579052429150
0.0004579052902434
0.0004579053267437
0.0004579053548933
0.0004579053766026
0.0004579053933452
0.0004579054062572
0.0004579054162152
0.0004579054238950
0.0004579054298177
