0.0000000000000000
0.0000000000070027
0.0000000000160828
0.0000000000278566
0.0000000000431232
0.0000000000629186
0.0000000000885866
0.0000000001218691
0.0000000001650251
0.0000000002209836
0.0000000002935426
0.0000000003876267
0.0000000005096214
0.0000000006678067
0.0000000008729188
0.0000000011388788
0.0000000014837375
0.0000000019309009
0.0000000025107184
0.0000000032625426
0.0000000042374005
0.0000000055014566
0.0000000071405033
0.0000000092657844
0.0000000120215443
0.0000000155948190
0.0000000202281296
0.0000000262359430
0.0000000340260146
0.0000000441270633
0.0000000572246558
0.0000000742077370
0.0000000962289629
0.0000001247829324
0.0000001618076263
0.0000002098159389
0.0000002720662279
0.0000003527834568
0.0000004574459354
0.0000005931571137
0.0000007691276456
0.0000009973004086
0.0000012931608250
0.0000016767873217
0.0000021742128724
0.0000028191892667
0.0000036554721818
0.0000047397785118
0.0000061456087564
0.0000079681766575
0.0000103307431516
0.0000133927030035
0.0000173597961755
0.0000224967549703
0.0000291424248853
0.0000377266415586
0.0000487863672508
0.0000629748032215
0.0000810499227599
0.0001038169551885
0.0001319856398409
0.0001659037976302
0.0002051833705043
0.0002483786767751
0.0002930237566420
0.0003362190629127
0.0003754986357868
0.0004094167935761
0.0004375854782285
0.0004603525106571
0.0004784276301955
0.0004926160661662
0.0005036757918584
0.0005122600085317
0.0005189056784467
0.0005240426372415
0.0005280097304135
0.0005310716902654
0.0005334342567595
0.0005352568246606
0.0005366626549052
0.0005377469612352
0.0005385832441503
0.0005392282205446
0.0005397256460953
0.0005401092725920
0.0005404051330084
0.0005406333057714
0.0005408092763033
0.0005409449874816
0.0005410496499602
0.0005411303671891
0.0005411926174781
0.0005412406257907
0.0005412776504846
0.0005413062044541
0.0005413282256800
0.0005413452087612
0.0005413583063537
0.0005413684074024
0.0005413761974740
0.0005413822052874
0.0005413868385980
0.0005413904118727
0.0005413931676326
0.0005413952929137
0.0005413969319604
0.0005413981960165
0.0005413991708744
0.0005413999226986
0.0005414005025161
0.0005414009496795
0.0005414012945382
0.0005414015604982
0.0005414017656103
0.0005414019237956
0.0005414020457903
0.0005414021398744
0.0005414022124334
0.0005414022683919
0.0005414023115479
0.0005414023448304
0.0005414023704984
0.0005414023902938
0.0005414024055604
0.0005414024173342
0.0005414024264143
0.0005414024334170
