1.12922682134613470e-02
-4.95111582356910426e-02
9.88328413427875807e-02
-1.24802958912209092e-01
1.19769607910235124e-01
-1.00290377442375914e-01
8.00472670251457796e-02
-6.31805370080012474e-02
4.97701566912901738e-02
-3.91924586665013466e-02
3.08613960636958638e-02
-2.43004873405269703e-02
1.91350062805797916e-02
-1.50666740388885109e-02
1.18644287518152817e-02
-9.34134212109014386e-03
7.35668289103225646e-03
-5.79126095744762585e-03
4.56208493441453630e-03
-3.58972336562003421e-03
2.82989112874060733e-03
-2.22403986848914706e-03
1.75676933969552175e-03
-1.37614363889236851e-03
1.09288688029928523e-03
-8.48510933723601278e-04
6.83749755107886581e-04
-5.18143099024167002e-04
4.34254309818724461e-04
-3.07888200976887670e-04
2.86587877710425267e-04
-1.68414078084102827e-04
2.06845222799472491e-04
-6.66181405935976277e-05
1.77266024261182723e-04
2.22533182055083620e-05
1.92322443788567966e-04
1.20658964198279591e-04
2.57807303532116359e-04
2.54478958583881853e-04
3.92813899037624181e-04
4.59859101541112340e-04
6.35241257533169959e-04
7.92999023185730748e-04
1.05239259970832367e-03
1.34552784157999841e-03
1.75959304745975124e-03
2.26961096908432801e-03
2.95182548376751253e-03
3.81934934005576316e-03
4.95636160297267727e-03
6.41821437836477028e-03
8.31728500977356629e-03
1.07632345487557093e-02
1.39181956955530661e-02
1.79581055529442271e-02
2.30993135521360138e-02
2.95501145378134593e-02
3.74743891257532727e-02
4.68559723050217397e-02
5.73168145818900993e-02
6.78677680210401230e-02
7.68038057328626483e-02
8.19904372091019018e-02
8.19904372091019018e-02
7.68038057328626483e-02
6.78677680210401230e-02
5.73168145818900993e-02
4.68559723050217397e-02
3.74743891257532727e-02
2.95501145378134628e-02
2.30993135521360138e-02
1.79581055529442271e-02
1.39181956955530661e-02
1.07632345487557093e-02
8.31728500977356629e-03
6.41821437836477028e-03
4.95636160297267727e-03
3.81934934005576359e-03
2.95182548376751166e-03
2.26961096908432887e-03
1.75959304745974994e-03
1.34552784157999992e-03
1.05239259970832172e-03
7.92999023185733242e-04
6.35241257533166815e-04
4.59859101541116352e-04
3.92813899037619085e-04
2.54478958583888358e-04
2.57807303532108119e-04
1.20658964198290067e-04
1.92322443788554631e-04
2.22533182055253060e-05
1.77266024261161229e-04
-6.66181405935703329e-05
2.06845222799437607e-04
-1.68414078084058266e-04
2.86587877710368563e-04
-3.07888200976814269e-04
4.34254309818629539e-04
-5.18143099024045571e-04
6.83749755107728287e-04
-8.48510933723393653e-04
1.09288688029900985e-03
-1.37614363889199359e-03
1.75676933969500220e-03
-2.22403986848843625e-03
2.82989112873970354e-03
-3.58972336561890057e-03
4.56208493441314766e-03
-5.79126095744605853e-03
7.35668289103058332e-03
-9.34134212108763025e-03
1.18644287518123778e-02
-1.50666740388840491e-02
1.91350062805722386e-02
-2.43004873405134117e-02
3.08613960636714181e-02
-3.91924586664675403e-02
4.97701566912569157e-02
-6.31805370079744216e-02
8.00472670250897828e-02
-1.00290377442307260e-01
1.19769607910123477e-01
-1.24802958911999315e-01
9.88328413426579344e-02
-4.95111582356519281e-02
1.12922682134289788e-02
