0.00000000000000000e+00
1.29343854056012624e-08
2.97058432212594527e-08
5.14526667804671263e-08
7.96508317887453796e-08
1.16214172070108811e-07
1.63624273122368171e-07
2.25098899469104581e-07
3.04810387118224745e-07
4.08168823611962564e-07
5.42189235343003548e-07
7.15967703457144056e-07
9.41298722740182720e-07
1.23347570417011162e-06
1.61232895193445955e-06
2.10357156330973320e-06
2.74054459879049059e-06
3.56647996867217426e-06
4.63743462015431719e-06
6.02609517077589557e-06
7.82671121193663471e-06
1.01614921100662960e-05
1.31889014618413190e-05
1.71144121552407286e-05
2.22044519916179577e-05
2.88044863699681249e-05
3.73624653202726351e-05
4.84592262551916634e-05
6.28479158986417088e-05
8.15051069861851831e-05
1.05697079060021050e-04
1.37065761867602524e-04
1.77740174360359446e-04
2.30480922631034726e-04
2.98867563722165597e-04
3.87541551266478682e-04
5.02521250619161189e-04
6.51610401061272467e-04
8.44927741718236726e-04
1.09559373419719931e-03
1.42062096170152835e-03
1.84206857421106963e-03
2.38853899651855165e-03
3.09711818463642447e-03
4.01589046924835050e-03
5.20719725785292412e-03
6.75185768688450066e-03
8.75463097183589237e-03
1.13512765682305845e-02
1.47176594815999814e-02
1.90814494245579030e-02
2.47370572735633593e-02
3.20644960274440241e-02
4.15527407742841207e-02
5.38276577395154082e-02
6.96831769308969284e-02
9.01110971055296417e-02
1.16317916829529008e-01
1.49703654356190985e-01
1.91755612425403954e-01
2.43784718527847666e-01
3.06433416974374428e-01
3.78984943250625650e-01
4.58769043957629796e-01
5.41230956042370148e-01
6.21015056749374295e-01
6.93566583025625572e-01
7.56215281472152334e-01
8.08244387574596046e-01
8.50296345643809071e-01
8.83682083170471033e-01
9.09888902894470331e-01
9.30316823069103016e-01
9.46172342260484633e-01
9.58447259225715831e-01
9.67935503972556011e-01
9.75262942726436655e-01
9.80918550575442083e-01
9.85282340518400024e-01
9.88648723431769461e-01
9.91245369028164069e-01
9.93248142313115534e-01
9.94792802742147098e-01
9.95984109530751671e-01
9.96902881815363573e-01
9.97611461003481415e-01
9.98157931425788902e-01
9.98579379038298520e-01
9.98904406265802791e-01
9.99155072258281818e-01
9.99348389598938680e-01
9.99497478749380885e-01
9.99612458448733476e-01
9.99701132436277784e-01
9.99769519077368995e-01
9.99822259825639659e-01
9.99862934238132439e-01
9.99894302920939948e-01
9.99918494893013765e-01
9.99937152084101388e-01
9.99951540773744818e-01
9.99962637534679732e-01
9.99971195513630007e-01
9.99977795548008364e-01
9.99982885587844761e-01
9.99986811098538153e-01
9.99989838507889917e-01
9.99992173288788089e-01
9.99993973904829248e-01
9.99995362565379797e-01
9.99996433520031314e-01
9.99997259455401188e-01
9.99997896428436728e-01
9.99998387671048095e-01
9.99998766524295868e-01
9.99999058701277255e-01
9.99999284032296543e-01
9.99999457810764603e-01
9.99999591831176371e-01
9.99999695189612847e-01
9.99999774901100480e-01
9.99999836375726869e-01
9.99999883785827937e-01
9.99999920349168181e-01
9.99999948547333206e-01
9.99999970294156770e-01
9.99999987065614548e-01
1.00000000000000000e+00
