7.87794768044398493e-10
3.95119670465559412e-09
1.32905261704185754e-09
4.73498463602532117e-09
2.06609263574856588e-09
4.25766075528710293e-09
3.44200929703866856e-09
4.15324791527884778e-09
4.24572312003829716e-09
4.59710537405435124e-09
4.87990116697466561e-09
5.21485504814286951e-09
5.56020301478645069e-09
5.93295399528955828e-09
6.32905930629334959e-09
6.75219901117079004e-09
7.20341613747214484e-09
7.68486244798339222e-09
8.19845905095214273e-09
8.74639040442555995e-09
9.33093832271435099e-09
9.95455465000335996e-09
1.06198487775125192e-08
1.13296067670899509e-08
1.20868000613209685e-08
1.28945989893848956e-08
1.37563856569678623e-08
1.46757682449438402e-08
1.56565960664374621e-08
1.67029757012842256e-08
1.78192881831880552e-08
1.90102073447839631e-08
2.02807193854313853e-08
2.16361437479840761e-08
2.30821553903880763e-08
2.46248085459164920e-08
2.62705620713194828e-08
2.80263064890911908e-08
2.98993928370492688e-08
3.18976634460252961e-08
3.40294847745242687e-08
3.63037824378281362e-08
3.87300785782045902e-08
4.13185317326845982e-08
4.40799793653291598e-08
4.70259832420613814e-08
5.01688778380415217e-08
5.35218219802593981e-08
5.70988539415639385e-08
6.09149502168002571e-08
6.49860882271410949e-08
6.93293132151463244e-08
7.39628096106298970e-08
7.89059771661325966e-08
8.41795121807681666e-08
8.98054941525149603e-08
9.58074782217532048e-08
1.02210593793095087e-07
1.09041649748422287e-07
1.16329246691642332e-07
1.24103896695115528e-07
1.32398151049112728e-07
1.41246736549171974e-07
1.50686700891968073e-07
1.60757567788446491e-07
1.71501502443656286e-07
1.82963488096121635e-07
1.95191514355895374e-07
2.08236778129838189e-07
2.22153897975366501e-07
2.37001142780136937e-07
2.52840675725113877e-07
2.69738814552457246e-07
2.87766309227932748e-07
3.06998638160375490e-07
3.27516324218432608e-07
3.49405271867700341e-07
3.72757126839796706e-07
3.97669659839251223e-07
4.24247175894733158e-07
4.52600951068511332e-07
4.82849698352580987e-07
5.15120064702094801e-07
5.49547161287102207e-07
5.86275129182679588e-07
6.25457742865911623e-07
6.67259054046472532e-07
7.11854078526429688e-07
7.59429528965045548e-07
8.10184596616552968e-07
8.64331785313921661e-07
9.22097801190375733e-07
9.83724501863793234e-07
1.04946990905807266e-06
1.11960928890116117e-06
1.19443630442277821e-06
1.27426424507717171e-06
1.35942733843871851e-06
1.45028214956223850e-06
1.54720907386692125e-06
1.65061392979433304e-06
1.76092965790870802e-06
1.87861813355338412e-06
2.00417210065267978e-06
2.13811723475572233e-06
2.28101434395984831e-06
2.43346171692847316e-06
2.59609762783417624e-06
2.76960300871476497e-06
2.95470430043099386e-06
3.15217649416239203e-06
3.36284637617536621e-06
3.58759598944881769e-06
3.82736632665041544e-06
4.08316126992527776e-06
4.35605179399212676e-06
4.64718045014437610e-06
4.95776614992964843e-06
5.28910926853584835e-06
5.64259708925041249e-06
6.01970961178725145e-06
6.42202574879924621e-06
6.85122993651925397e-06
7.30911918720631041e-06
7.79761061292322743e-06
8.31874945214491452e-06
8.87471763280166706e-06
9.46784290760724736e-06
1.01006085999171121e-05
1.07756640009177541e-05
1.14958354616743830e-05
1.22641382264725550e-05
1.30837890569919002e-05
1.39582197001599244e-05
1.48910912560645237e-05
1.58863095060703395e-05
1.69480412653019235e-05
1.80807318279425790e-05
1.92891235783697641e-05
2.05782758460247552e-05
2.19535860871164723e-05
2.34208124818082212e-05
2.49860980414549333e-05
2.66559963267714529e-05
2.84374988845459337e-05
3.03380645176938166e-05
3.23656505111073078e-05
3.45287459439234774e-05
3.68364072275451058e-05
3.92982960180375787e-05
4.19247196614298010e-05
4.47266743410082025e-05
4.77158911069522926e-05
5.09048849806632205e-05
5.43070073389313360e-05
5.79365017967254712e-05
6.18085638219185307e-05
6.59394043307482650e-05
7.03463175293075692e-05
7.50477532839283863e-05
8.00633943220328668e-05
8.54142385849431353e-05
9.11226870753400624e-05
9.72126375646146861e-05
1.03709584549342097e-04
1.10640725871606106e-04
1.18035076444995059e-04
1.25923589556858065e-04
1.34339286247939932e-04
1.43317393302884927e-04
1.52895490419395637e-04
1.63113667160129735e-04
1.74014690329786829e-04
1.85644182460343817e-04
1.98050812130086558e-04
2.11286496887001091e-04
2.25406619594232545e-04
2.40470259064688870e-04
2.56540435903401787e-04
2.73684374529866272e-04
2.91973782408107058e-04
3.11485147569435746e-04
3.32300055571453472e-04
3.54505527096379478e-04
3.78194377451685295e-04
4.03465599295530777e-04
4.30424769967684606e-04
4.59184484862235282e-04
4.89864818329927595e-04
5.22593813643452434e-04
5.57508003596059068e-04
5.94752963329449563e-04
6.34483896997335706e-04
6.76866259861710852e-04
7.22076417384174521e-04
7.70302342807632919e-04
8.21744354615927346e-04
8.76615895100087660e-04
9.35144351037388451e-04
9.97571917187897511e-04
1.06415650291419783e-03
1.13517268171093493e-03
1.21091268276462345e-03
1.29168742281796610e-03
1.37782757554732170e-03
1.46968467432958085e-03
1.56763224261883042e-03
1.67206694410613490e-03
1.78340974231701072e-03
1.90210705621524155e-03
2.02863189461602658e-03
2.16348494763386268e-03
2.30719560784694048e-03
2.46032288717172283e-03
2.62345618740403340e-03
2.79721587276419385e-03
2.98225358132369039e-03
3.17925219860417220e-03
3.38892540062042842e-03
3.61201665487053845e-03
3.84929754594680925e-03
4.10156526726874245e-03
4.36963909170975853e-03
4.65435560151001172e-03
4.95656242194260094e-03
5.27711016413507338e-03
5.61684224108638473e-03
5.97658217872495089e-03
6.35711800313659790e-03
6.75918324928967765e-03
7.18343411059209260e-03
7.63042223914850524e-03
8.10056272256269062e-03
8.59409681600015532e-03
9.11104911217550280e-03
9.65117900381501012e-03
1.02139265519749500e-02
1.07983532392985342e-02
1.14030785784742673e-02
1.20262141765245106e-02
1.26652976287478305e-02
1.33172295188998292e-02
1.39782177961458691e-02
1.46437348122932329e-02
1.53084932215236252e-02
1.59664476116754411e-02
1.66108289537495214e-02
1.72342185043083129e-02
1.78286664620930062e-02
1.83858583101380868e-02
1.88973283281324983e-02
1.93547153724927014e-02
1.97500510479789067e-02
2.00760654128946218e-02
2.03264911204649769e-02
2.04963442097063908e-02
2.05821593194461701e-02
2.05821593194461701e-02
2.04963442097063908e-02
2.03264911204649769e-02
2.00760654128946218e-02
1.97500510479789067e-02
1.93547153724927014e-02
1.88973283281324983e-02
1.83858583101380868e-02
1.78286664620930062e-02
1.72342185043083129e-02
1.66108289537495214e-02
1.59664476116754411e-02
1.53084932215236252e-02
1.46437348122932329e-02
1.39782177961458691e-02
1.33172295188998292e-02
1.26652976287478305e-02
1.20262141765245106e-02
1.14030785784742673e-02
1.07983532392985342e-02
1.02139265519749500e-02
9.65117900381501012e-03
9.11104911217550280e-03
8.59409681600015532e-03
8.10056272256269062e-03
7.63042223914850524e-03
7.18343411059209260e-03
6.75918324928967765e-03
6.35711800313659790e-03
5.97658217872495089e-03
5.61684224108638473e-03
5.27711016413507338e-03
4.95656242194260094e-03
4.65435560151001172e-03
4.36963909170975853e-03
4.10156526726874245e-03
3.84929754594680925e-03
3.61201665487053845e-03
3.38892540062042886e-03
3.17925219860417220e-03
2.98225358132369039e-03
2.79721587276419385e-03
2.62345618740403340e-03
2.46032288717172283e-03
2.30719560784694048e-03
2.16348494763386268e-03
2.02863189461602658e-03
1.90210705621524155e-03
1.78340974231701072e-03
1.67206694410613490e-03
1.56763224261883042e-03
1.46968467432958107e-03
1.37782757554732148e-03
1.29168742281796610e-03
1.21091268276462345e-03
1.13517268171093493e-03
1.06415650291419783e-03
9.97571917187897511e-04
9.35144351037388343e-04
8.76615895100087660e-04
8.21744354615927238e-04
7.70302342807632919e-04
7.22076417384174521e-04
6.76866259861710852e-04
6.34483896997335706e-04
5.94752963329449563e-04
5.57508003596059068e-04
5.22593813643452325e-04
4.89864818329927595e-04
4.59184484862235282e-04
4.30424769967684660e-04
4.03465599295530723e-04
3.78194377451685241e-04
3.54505527096379532e-04
3.32300055571453418e-04
3.11485147569435746e-04
2.91973782408107058e-04
2.73684374529866272e-04
2.56540435903401787e-04
2.40470259064688870e-04
2.25406619594232545e-04
2.11286496887001091e-04
1.98050812130086558e-04
1.85644182460343844e-04
1.74014690329786801e-04
1.63113667160129762e-04
1.52895490419395637e-04
1.43317393302884899e-04
1.34339286247939959e-04
1.25923589556858065e-04
1.18035076444995073e-04
1.10640725871606052e-04
1.03709584549342137e-04
9.72126375646146455e-05
9.11226870753400895e-05
8.54142385849431082e-05
8.00633943220328804e-05
7.50477532839283998e-05
7.03463175293075828e-05
6.59394043307482108e-05
6.18085638219185849e-05
5.79365017967254576e-05
5.43070073389313699e-05
5.09048849806631730e-05
4.77158911069523061e-05
4.47266743410082161e-05
4.19247196614297603e-05
3.92982960180376193e-05
3.68364072275450922e-05
3.45287459439234706e-05
3.23656505111072739e-05
3.03380645176938640e-05
2.84374988845458998e-05
2.66559963267714935e-05
2.49860980414548757e-05
2.34208124818082585e-05
2.19535860871164452e-05
2.05782758460247688e-05
1.92891235783697776e-05
1.80807318279425350e-05
1.69480412653019641e-05
1.58863095060703633e-05
1.48910912560645118e-05
1.39582197001599227e-05
1.30837890569918681e-05
1.22641382264726143e-05
1.14958354616743203e-05
1.07756640009177660e-05
1.01006085999171273e-05
9.46784290760725413e-06
8.87471763280164673e-06
8.31874945214494502e-06
7.79761061292319355e-06
7.30911918720636800e-06
6.85122993651918705e-06
6.42202574879926908e-06
6.01970961178727771e-06
5.64259708925038708e-06
5.28910926853587799e-06
4.95776614992961031e-06
4.64718045014438542e-06
4.35605179399211237e-06
4.08316126992527861e-06
3.82736632665044847e-06
3.58759598944881473e-06
3.36284637617535223e-06
3.15217649416237933e-06
2.95470430043100699e-06
2.76960300871476709e-06
2.59609762783420334e-06
2.43346171692842488e-06
2.28101434395986355e-06
2.13811723475574223e-06
2.00417210065265014e-06
1.87861813355341101e-06
1.76092965790864512e-06
1.65061392979440271e-06
1.54720907386689309e-06
1.45028214956222410e-06
1.35942733843874668e-06
1.27426424507712258e-06
1.19443630442285762e-06
1.11960928890110845e-06
1.04946990905806059e-06
9.83724501863801916e-07
9.22097801190390450e-07
8.64331785313920708e-07
8.10184596616580285e-07
7.59429528964988691e-07
7.11854078526455522e-07
6.67259054046483120e-07
6.25457742865871283e-07
5.86275129182735492e-07
5.49547161287094796e-07
5.15120064702096495e-07
4.82849698352566481e-07
4.52600951068475492e-07
4.24247175894770268e-07
3.97669659839239418e-07
3.72757126839829846e-07
3.49405271867618867e-07
3.27516324218519694e-07
3.06998638160342614e-07
2.87766309227947518e-07
2.69738814552441682e-07
2.52840675725121659e-07
2.37001142780151575e-07
2.22153897975346066e-07
2.08236778129835224e-07
1.95191514355869963e-07
1.82963488096148819e-07
1.71501502443676006e-07
1.60757567788439609e-07
1.50686700891938745e-07
1.41246736549170254e-07
1.32398151049144703e-07
1.24103896695112589e-07
1.16329246691615201e-07
1.09041649748435072e-07
1.02210593793126454e-07
9.58074782217225925e-08
8.98054941524977814e-08
8.41795121808080301e-08
7.89059771661249071e-08
7.39628096106243648e-08
6.93293132151203576e-08
6.49860882271754527e-08
6.09149502167808283e-08
5.70988539415904811e-08
5.35218219802213214e-08
5.01688778380397218e-08
4.70259832420911466e-08
4.40799793653319656e-08
4.13185317326978331e-08
3.87300785781852871e-08
3.63037824378308692e-08
3.40294847745029605e-08
3.18976634460404567e-08
2.98993928370185440e-08
2.80263064891506816e-08
2.62705620712764992e-08
2.46248085459573283e-08
2.30821553903476404e-08
2.16361437479950776e-08
2.02807193854423372e-08
1.90102073447860377e-08
1.78192881831833568e-08
1.67029757012628447e-08
1.56565960664183145e-08
1.46757682449828021e-08
1.37563856569736907e-08
1.28945989893588940e-08
1.20868000613742654e-08
1.13296067670519171e-08
1.06198487774969666e-08
9.95455464999267444e-09
9.33093832274638605e-09
8.74639040444421618e-09
8.19845905093110256e-09
7.68486244799455750e-09
7.20341613746490535e-09
6.75219901115360784e-09
6.32905930631668270e-09
5.93295399523751207e-09
5.56020301482031464e-09
5.21485504812282692e-09
4.87990116699101566e-09
4.59710537403275190e-09
4.24572312006568263e-09
4.15324791524820818e-09
3.44200929706169686e-09
4.25766075526206086e-09
2.06609263582408789e-09
4.73498463598810218e-09
1.32905261705594526e-09
3.95119670463809594e-09
7.87794768041793702e-10
