0.00000000000000000e+00
2.64313454425135319e-09
5.46291809619787528e-09
8.47115666548351712e-09
1.16804452945666847e-08
1.51042207922687581e-08
1.87568179916717590e-08
2.26535297679085500e-08
2.68106710671309993e-08
3.12456472147358064e-08
3.59770267888442125e-08
4.10246193641459221e-08
4.64095584516090440e-08
5.21543899813120612e-08
5.82831666988622479e-08
6.48215488706240436e-08
7.17969117193950603e-08
7.92384600403468517e-08
8.71773504771098491e-08
9.56468219699544962e-08
1.04682334922235025e-07
1.14321719667765157e-07
1.24605334860736210e-07
1.35576236451332432e-07
1.47280357954518759e-07
1.59766702766759828e-07
1.73087549335870930e-07
1.87298670043016551e-07
2.02459564713282138e-07
2.18633709732493235e-07
2.35888823813296203e-07
2.54297151523223404e-07
2.73935765761831882e-07
2.94886890453342578e-07
3.17238244805844365e-07
3.41083410578425951e-07
3.66522223893926484e-07
3.93661193237766733e-07
4.22613945392959297e-07
4.53501701178359417e-07
4.86453782982002538e-07
5.21608156214493046e-07
5.59112006949429178e-07
5.99122358169356202e-07
6.41806727197378675e-07
6.87343827066998425e-07
7.35924314766707245e-07
7.87751589492123538e-07
8.43042644247833707e-07
9.02028974364467023e-07
9.64957546734828212e-07
1.03209183382713525e-06
1.10371291680461647e-06
1.18012066237006840e-06
1.26163497826264031e-06
1.34859715266342451e-06
1.44137128311774075e-06
1.54034580095679953e-06
1.64593509760126627e-06
1.75858125955581442e-06
1.87875591935883237e-06
2.00696223023692698e-06
2.14373697273180998e-06
2.28965280211969461e-06
2.44532064603280839e-06
2.61139226232150468e-06
2.78856296786635874e-06
2.97757454976536667e-06
3.17921837108495934e-06
3.39433868417813821e-06
3.62383616544209544e-06
3.86867168631482511e-06
4.12987033629930927e-06
4.40852571485908804e-06
4.70580451015472450e-06
5.02295138379164922e-06
5.36129418203108959e-06
5.72224949528263679e-06
6.10732858915520969e-06
6.51814373189883476e-06
6.95641494472928606e-06
7.42397720329817252e-06
7.92278812045995909e-06
8.45493614250248807e-06
9.02264929315739630e-06
9.62830450200027976e-06
1.02744375562972015e-05
1.09637537179644382e-05
1.16991390500930520e-05
1.24836725004607573e-05
1.33206387926228946e-05
1.42135421785555840e-05
1.51661211104312847e-05
1.61823638929552466e-05
1.72665253817968380e-05
1.84231447980295267e-05
1.96570647331658712e-05
2.09734514243587134e-05
2.23778163846577342e-05
2.38760394788839882e-05
2.54743935417374808e-05
2.71795706412101627e-05
2.89987100972650455e-05
3.09394283730914576e-05
3.30098509640864093e-05
3.52186464180762802e-05
3.75750626292162038e-05
4.00889655575239633e-05
4.27708805361609452e-05
4.56320363394072180e-05
4.86844121958362303e-05
5.19407879435255924e-05
5.54147975372958228e-05
5.91209861320027397e-05
6.30748709808818994e-05
6.72930064039159795e-05
7.17930530982365369e-05
7.65938520807504976e-05
8.17155035725760802e-05
8.71794511555626291e-05
9.30085715532421545e-05
9.92272704121079113e-05
1.05861584484237290e-04
1.12939290639076795e-04
1.20490022160797943e-04
1.28545392818135777e-04
1.37139129226161282e-04
1.46307212054154733e-04
1.56088026670780954e-04
1.66522523857277519e-04
1.77654391261515825e-04
1.89530236310760954e-04
2.02199781348926362e-04
2.15716071815294969e-04
2.30135698336271478e-04
2.45519033659974146e-04
2.61930485425604668e-04
2.79438765825818956e-04
2.98117179291032032e-04
3.18043929400021953e-04
3.39302446301669651e-04
3.61981736018516414e-04
3.86176753094395287e-04
4.11988798146085044e-04
4.39525941983144825e-04
4.68903478071254411e-04
5.00244405232969742e-04
5.33679942606297064e-04
5.69350079016422788e-04
6.07404159059864103e-04
6.48001508353827178e-04
6.91312100567315676e-04
7.37517269025184325e-04
7.86810465862627104e-04
8.39398071906260665e-04
8.95500260669864845e-04
9.55351920078806446e-04
1.01920363577815191e-03
1.08732274013643212e-03
1.15999443133101140e-03
1.23752296719313159e-03
1.32023293880213235e-03
1.40847062915032926e-03
1.50260546255388512e-03
1.60303155086211654e-03
1.71016934291953792e-03
1.82446738416307285e-03
1.94640419369293202e-03
2.07649026664135771e-03
2.21527021018057876e-03
2.36332502206180323e-03
2.52127452116282860e-03
2.68977994014495602e-03
2.86954669098240123e-03
3.06132731483153668e-03
3.26592462845519882e-03
3.48419508021125413e-03
3.71705232945682661e-03
3.96547106411225363e-03
4.23049107207408570e-03
4.51322158316628478e-03
4.81484589937499971e-03
5.13662633222645125e-03
5.47990946734073277e-03
5.84613177742735173e-03
6.23682560628114821e-03
6.65362554768895911e-03
7.09827524456619220e-03
7.57263463510492781e-03
8.07868767422636504e-03
8.61855056018308134e-03
9.19448049774086902e-03
9.80888503097245186e-03
1.04643319802990645e-02
1.11635600199978639e-02
1.19094899339250333e-02
1.27052365886496810e-02
1.35541216645064799e-02
1.44596871861983247e-02
1.54257098954430644e-02
1.64562165086724888e-02
1.75554999028489991e-02
1.87281362719324933e-02
1.99790032952438454e-02
2.13132993567329114e-02
2.27365638507259459e-02
2.42546986048051486e-02
2.58739904437057418e-02
2.76011349090728893e-02
2.94432611380841223e-02
3.14079578886905519e-02
3.35033006798180766e-02
3.57378799904109895e-02
3.81208304306414822e-02
4.06618607607053609e-02
4.33712845859133486e-02
4.62600514995598205e-02
4.93397783753247374e-02
5.26227804264614296e-02
5.61221015471529625e-02
5.98515433292752946e-02
6.38256920021822438e-02
6.80599423705659790e-02
7.25705176223326726e-02
7.73744836411464493e-02
8.24897561834644077e-02
8.79350989647474518e-02
9.37301103424627302e-02
9.98951958847342780e-02
1.06451523676137347e-01
1.13420958743396957e-01
1.20825972496640094e-01
1.28689522597151190e-01
1.37034898211237433e-01
1.45885525235579738e-01
1.55264725841625872e-01
1.65195426662471723e-01
1.75699810232185061e-01
1.86798905001061277e-01
1.98512110523795055e-01
2.10856656393109937e-01
2.23846996306943435e-01
2.37494142425672322e-01
2.51804949955348523e-01
2.66781367649532530e-01
2.82419676486638405e-01
2.98709745804026816e-01
3.15634343095827830e-01
3.33168539730676561e-01
3.51279259052125259e-01
3.69925014619640335e-01
3.89055883706343364e-01
4.08613753808298008e-01
4.28532867524466010e-01
4.48740674093030978e-01
4.69158975266414313e-01
4.89705330990526766e-01
5.10294669009473290e-01
5.30841024733585631e-01
5.51259325906969022e-01
5.71467132475533934e-01
5.91386246191701992e-01
6.10944116293656636e-01
6.30074985380359665e-01
6.48720740947874797e-01
6.66831460269323495e-01
6.84365656904172170e-01
7.01290254195973239e-01
7.17580323513361540e-01
7.33218632350467470e-01
7.48195050044651477e-01
7.62505857574327650e-01
7.76153003693056509e-01
7.89143343606890091e-01
8.01487889476204973e-01
8.13201094998938778e-01
8.24300189767814939e-01
8.34804573337528222e-01
8.44735274158374128e-01
8.54114474764420262e-01
8.62965101788762512e-01
8.71310477402848838e-01
8.79174027503359934e-01
8.86579041256603029e-01
8.93548476323862695e-01
9.00104804115265722e-01
9.06269889657537298e-01
9.12064901035252507e-01
9.17510243816535564e-01
9.22625516358853592e-01
9.27429482377667314e-01
9.31940057629433993e-01
9.36174307997817756e-01
9.40148456670724664e-01
9.43877898452847086e-01
9.47377219573538598e-01
9.50660221624675228e-01
9.53739948500440193e-01
9.56628715414086672e-01
9.59338139239294674e-01
9.61879169569358483e-01
9.64262120009588997e-01
9.66496699320181896e-01
9.68592042111309448e-01
9.70556738861915846e-01
9.72398865090927100e-01
9.74126009556294248e-01
9.75745301395194886e-01
9.77263436149274023e-01
9.78686700643267127e-01
9.80020996704756175e-01
9.81271863728067517e-01
9.82444500097151008e-01
9.83543783491327539e-01
9.84574290104556882e-01
9.85540312813801722e-01
9.86445878335493576e-01
9.87294763411350362e-01
9.88090510066074956e-01
9.88836439980002146e-01
9.89535668019700942e-01
9.90191114969027564e-01
9.90805519502259147e-01
9.91381449439816875e-01
9.91921312325773630e-01
9.92427365364895064e-01
9.92901724755433812e-01
9.93346374452310998e-01
9.93763174393718862e-01
9.94153868222572679e-01
9.94520090532659218e-01
9.94863373667773554e-01
9.95185154100625025e-01
9.95486778416833751e-01
9.95769508927925928e-01
9.96034528935887731e-01
9.96282947670543151e-01
9.96515804919788750e-01
9.96734075371544792e-01
9.96938672685168448e-01
9.97130453309017617e-01
9.97310220059855035e-01
9.97478725478837203e-01
9.97636674977938176e-01
9.97784729789819469e-01
9.97923509733358638e-01
9.98053595806307037e-01
9.98175532615836913e-01
9.98289830657080435e-01
9.98396968449137834e-01
9.98497394537446126e-01
9.98591529370849718e-01
9.98679767061197876e-01
9.98762477032806850e-01
9.98840005568669032e-01
9.98912677259863546e-01
9.98980796364221879e-01
9.99044648079921216e-01
9.99104499739330132e-01
9.99160601928093750e-01
9.99213189534137403e-01
9.99262482730974844e-01
9.99308687899432724e-01
9.99351998491646132e-01
9.99392595840940090e-01
9.99430649920983627e-01
9.99466320057393665e-01
9.99499755594767003e-01
9.99531096521928730e-01
9.99560474058016846e-01
9.99588011201853921e-01
9.99613823246905620e-01
9.99638018263981465e-01
9.99660697553698352e-01
9.99681956070599953e-01
9.99701882820708931e-01
9.99720561234174188e-01
9.99738069514574446e-01
9.99754480966340009e-01
9.99769864301663702e-01
9.99784283928184747e-01
9.99797800218651056e-01
9.99810469763689258e-01
9.99822345608738505e-01
9.99833477476142707e-01
9.99843911973329225e-01
9.99853692787945891e-01
9.99862860870773806e-01
9.99871454607181853e-01
9.99879509977839254e-01
9.99887060709360953e-01
9.99894138415515776e-01
9.99900772729587883e-01
9.99906991428446745e-01
9.99912820548844450e-01
9.99918284496427390e-01
9.99923406147919303e-01
9.99928206946901765e-01
9.99932706993596043e-01
9.99936925129019105e-01
9.99940879013867967e-01
9.99944585202462655e-01
9.99948059212056428e-01
9.99951315587804146e-01
9.99954367963660551e-01
9.99957229119463831e-01
9.99959911034442483e-01
9.99962424937370753e-01
9.99964781353581911e-01
9.99966990149035895e-01
9.99969060571626933e-01
9.99971001289902683e-01
9.99972820429358755e-01
9.99974525606458275e-01
9.99976123960521157e-01
9.99977622183615300e-01
9.99979026548575622e-01
9.99980342935266830e-01
9.99981576855201948e-01
9.99982733474618191e-01
9.99983817636106997e-01
9.99984833878889590e-01
9.99985786457821435e-01
9.99986679361207331e-01
9.99987516327499493e-01
9.99988300860949919e-01
9.99989036246281993e-01
9.99989725562443699e-01
9.99990371695497982e-01
9.99990977350706856e-01
9.99991545063857457e-01
9.99992077211879549e-01
9.99992576022796675e-01
9.99993043585055252e-01
9.99993481856268129e-01
9.99993892671410811e-01
9.99994277750504756e-01
9.99994638705817951e-01
9.99994977048616174e-01
9.99995294195489826e-01
9.99995591474285184e-01
9.99995870129663733e-01
9.99996131328313664e-01
9.99996376163834522e-01
9.99996605661315874e-01
9.99996820781628881e-01
9.99997022425450188e-01
9.99997211437032130e-01
9.99997388607737681e-01
9.99997554679353917e-01
9.99997710347197866e-01
9.99997856263027285e-01
9.99997993037769817e-01
9.99998121244080607e-01
9.99998241418740497e-01
9.99998354064902450e-01
9.99998459654199090e-01
9.99998558628716894e-01
9.99998651402847383e-01
9.99998738365021733e-01
9.99998819879337586e-01
9.99998896287083161e-01
9.99998967908166225e-01
9.99999035042453244e-01
9.99999097971025597e-01
9.99999156957355750e-01
9.99999212248410485e-01
9.99999264075685179e-01
9.99999312656172923e-01
9.99999358193272792e-01
9.99999400877641831e-01
9.99999440887993085e-01
9.99999478391843777e-01
9.99999513546216967e-01
9.99999546498298808e-01
9.99999577386054606e-01
9.99999606338806801e-01
9.99999633477776095e-01
9.99999658916589373e-01
9.99999682761755215e-01
9.99999705113109538e-01
9.99999726064234262e-01
9.99999745702848442e-01
9.99999764111176193e-01
9.99999781366290308e-01
9.99999797540435331e-01
9.99999812701329982e-01
9.99999826912450707e-01
9.99999840233297244e-01
9.99999852719642091e-01
9.99999864423763540e-01
9.99999875394665172e-01
9.99999885678280354e-01
9.99999895317665088e-01
9.99999904353177982e-01
9.99999912822649550e-01
9.99999920761539984e-01
9.99999928203088251e-01
9.99999935178451094e-01
9.99999941716833263e-01
9.99999947845609971e-01
9.99999953590441581e-01
9.99999958975380632e-01
9.99999964022973198e-01
9.99999968754352819e-01
9.99999973189328983e-01
9.99999977346470281e-01
9.99999981243182012e-01
9.99999984895779237e-01
9.99999988319554722e-01
9.99999991528843335e-01
9.99999994537081882e-01
9.99999997356865511e-01
1.00000000000000000e+00
